(kicad_pcb (version 20171130) (host pcbnew 5.1.5+dfsg1-2build2)

  (general
    (thickness 1.6)
    (drawings 57)
    (tracks 151)
    (zones 0)
    (modules 24)
    (nets 41)
  )

  (page A4)
  (layers
    (0 F.Cu signal)
    (31 B.Cu signal)
    (32 B.Adhes user)
    (33 F.Adhes user)
    (34 B.Paste user)
    (35 F.Paste user)
    (36 B.SilkS user)
    (37 F.SilkS user)
    (38 B.Mask user)
    (39 F.Mask user)
    (40 Dwgs.User user)
    (41 Cmts.User user)
    (42 Eco1.User user)
    (43 Eco2.User user)
    (44 Edge.Cuts user)
    (45 Margin user)
    (46 B.CrtYd user)
    (47 F.CrtYd user)
    (48 B.Fab user)
    (49 F.Fab user)
  )

  (setup
    (last_trace_width 0.25)
    (user_trace_width 0.5)
    (trace_clearance 0.2)
    (zone_clearance 0.508)
    (zone_45_only no)
    (trace_min 0.2)
    (via_size 0.6)
    (via_drill 0.4)
    (via_min_size 0.4)
    (via_min_drill 0.3)
    (uvia_size 0.3)
    (uvia_drill 0.1)
    (uvias_allowed no)
    (uvia_min_size 0.2)
    (uvia_min_drill 0.1)
    (edge_width 0.15)
    (segment_width 0.2)
    (pcb_text_width 0.3)
    (pcb_text_size 1.5 1.5)
    (mod_edge_width 0.15)
    (mod_text_size 1 1)
    (mod_text_width 0.15)
    (pad_size 2.032 1.7272)
    (pad_drill 1.016)
    (pad_to_mask_clearance 0.2)
    (aux_axis_origin 0 0)
    (visible_elements FFFFEF7F)
    (pcbplotparams
      (layerselection 0x330fb_ffffffff)
      (usegerberextensions false)
      (usegerberattributes false)
      (usegerberadvancedattributes false)
      (creategerberjobfile false)
      (excludeedgelayer true)
      (linewidth 0.100000)
      (plotframeref false)
      (viasonmask false)
      (mode 1)
      (useauxorigin false)
      (hpglpennumber 1)
      (hpglpenspeed 20)
      (hpglpendiameter 15.000000)
      (psnegative false)
      (psa4output false)
      (plotreference true)
      (plotvalue true)
      (plotinvisibletext false)
      (padsonsilk false)
      (subtractmaskfromsilk false)
      (outputformat 1)
      (mirror false)
      (drillshape 0)
      (scaleselection 1)
      (outputdirectory "gerber/"))
  )

  (net 0 "")
  (net 1 /D4)
  (net 2 /D1)
  (net 3 /RX)
  (net 4 /TX)
  (net 5 /D8)
  (net 6 /D0)
  (net 7 /A0)
  (net 8 /RST)
  (net 9 "Net-(C1-Pad2)")
  (net 10 GND)
  (net 11 "Net-(C2-Pad2)")
  (net 12 "Net-(C3-Pad1)")
  (net 13 "Net-(D1-Pad1)")
  (net 14 "Net-(D1-Pad2)")
  (net 15 "Net-(D1-Pad3)")
  (net 16 +3V3)
  (net 17 MBUS1)
  (net 18 MBUS2)
  (net 19 "Net-(J1-Pad3)")
  (net 20 "Net-(J1-Pad4)")
  (net 21 "Net-(J1-Pad5)")
  (net 22 "Net-(J1-Pad6)")
  (net 23 "Net-(J1-Pad8)")
  (net 24 TEMP)
  (net 25 BTN_AP)
  (net 26 HAN_TX)
  (net 27 LED_R)
  (net 28 LED_G)
  (net 29 "Net-(R1-Pad2)")
  (net 30 "Net-(R2-Pad2)")
  (net 31 "Net-(R3-Pad2)")
  (net 32 "Net-(R4-Pad2)")
  (net 33 "Net-(U1-Pad2)")
  (net 34 "Net-(U1-Pad5)")
  (net 35 "Net-(U1-Pad7)")
  (net 36 "Net-(U1-Pad10)")
  (net 37 "Net-(U1-Pad12)")
  (net 38 "Net-(U1-Pad13)")
  (net 39 +5V)
  (net 40 "Net-(J1-Pad7)")

  (net_class Default "This is the default net class."
    (clearance 0.2)
    (trace_width 0.25)
    (via_dia 0.6)
    (via_drill 0.4)
    (uvia_dia 0.3)
    (uvia_drill 0.1)
    (add_net +3V3)
    (add_net +5V)
    (add_net /A0)
    (add_net /D0)
    (add_net /D1)
    (add_net /D4)
    (add_net /D8)
    (add_net /RST)
    (add_net /RX)
    (add_net /TX)
    (add_net BTN_AP)
    (add_net GND)
    (add_net HAN_TX)
    (add_net LED_G)
    (add_net LED_R)
    (add_net MBUS1)
    (add_net MBUS2)
    (add_net "Net-(C1-Pad2)")
    (add_net "Net-(C2-Pad2)")
    (add_net "Net-(C3-Pad1)")
    (add_net "Net-(D1-Pad1)")
    (add_net "Net-(D1-Pad2)")
    (add_net "Net-(D1-Pad3)")
    (add_net "Net-(J1-Pad3)")
    (add_net "Net-(J1-Pad4)")
    (add_net "Net-(J1-Pad5)")
    (add_net "Net-(J1-Pad6)")
    (add_net "Net-(J1-Pad7)")
    (add_net "Net-(J1-Pad8)")
    (add_net "Net-(R1-Pad2)")
    (add_net "Net-(R2-Pad2)")
    (add_net "Net-(R3-Pad2)")
    (add_net "Net-(R4-Pad2)")
    (add_net "Net-(U1-Pad10)")
    (add_net "Net-(U1-Pad12)")
    (add_net "Net-(U1-Pad13)")
    (add_net "Net-(U1-Pad2)")
    (add_net "Net-(U1-Pad5)")
    (add_net "Net-(U1-Pad7)")
    (add_net TEMP)
  )

  (module D1_mini:D1_mini_Pin_Header (layer F.Cu) (tedit 5766B078) (tstamp 5766A936)
    (at 127.49 103.95 180)
    (descr "Through hole pin header")
    (tags "pin header")
    (path /5763EB78)
    (fp_text reference P1 (at -0.11 -2.45 180) (layer F.SilkS) hide
      (effects (font (size 1 1) (thickness 0.15)))
    )
    (fp_text value CONN_01X08 (at 0 -3.1 180) (layer F.Fab) hide
      (effects (font (size 1 1) (thickness 0.15)))
    )
    (fp_line (start -1.75 -1.75) (end -1.75 19.55) (layer F.CrtYd) (width 0.05))
    (fp_line (start 1.75 -1.75) (end 1.75 19.55) (layer F.CrtYd) (width 0.05))
    (fp_line (start -1.75 -1.75) (end 1.75 -1.75) (layer F.CrtYd) (width 0.05))
    (fp_line (start -1.75 19.55) (end 1.75 19.55) (layer F.CrtYd) (width 0.05))
    (pad 1 thru_hole rect (at 0 0 180) (size 1.8 1.8) (drill 1.016) (layers *.Cu *.Mask F.SilkS)
      (net 39 +5V))
    (pad 2 thru_hole oval (at 0 2.54 180) (size 1.8 1.8) (drill 1.016) (layers *.Cu *.Mask F.SilkS)
      (net 10 GND))
    (pad 3 thru_hole oval (at 0 5.08 180) (size 1.8 1.8) (drill 1.016) (layers *.Cu *.Mask F.SilkS)
      (net 1 /D4))
    (pad 4 thru_hole oval (at 0 7.62 180) (size 1.8 1.8) (drill 1.016) (layers *.Cu *.Mask F.SilkS)
      (net 25 BTN_AP))
    (pad 5 thru_hole oval (at 0 10.16 180) (size 1.8 1.8) (drill 1.016) (layers *.Cu *.Mask F.SilkS)
      (net 24 TEMP))
    (pad 6 thru_hole oval (at 0 12.7 180) (size 1.8 1.8) (drill 1.016) (layers *.Cu *.Mask F.SilkS)
      (net 2 /D1))
    (pad 7 thru_hole oval (at 0 15.24 180) (size 1.8 1.8) (drill 1.016) (layers *.Cu *.Mask F.SilkS)
      (net 3 /RX))
    (pad 8 thru_hole oval (at 0 17.78 180) (size 1.8 1.8) (drill 1.016) (layers *.Cu *.Mask F.SilkS)
      (net 4 /TX))
    (model Pin_Headers.3dshapes/Pin_Header_Straight_1x08.wrl
      (offset (xyz 0 -8.889999866485596 0))
      (scale (xyz 1 1 1))
      (rotate (xyz 0 0 90))
    )
  )

  (module D1_mini:D1_mini_Pin_Header (layer F.Cu) (tedit 5766ABD3) (tstamp 5766A941)
    (at 150.35 103.95 180)
    (descr "Through hole pin header")
    (tags "pin header")
    (path /5763EBF2)
    (fp_text reference P2 (at 0.05 20.15 180) (layer F.SilkS) hide
      (effects (font (size 1 1) (thickness 0.15)))
    )
    (fp_text value CONN_01X08 (at 0 -3.1 180) (layer F.Fab) hide
      (effects (font (size 1 1) (thickness 0.15)))
    )
    (fp_line (start -1.75 -1.75) (end -1.75 19.55) (layer F.CrtYd) (width 0.05))
    (fp_line (start 1.75 -1.75) (end 1.75 19.55) (layer F.CrtYd) (width 0.05))
    (fp_line (start -1.75 -1.75) (end 1.75 -1.75) (layer F.CrtYd) (width 0.05))
    (fp_line (start -1.75 19.55) (end 1.75 19.55) (layer F.CrtYd) (width 0.05))
    (pad 1 thru_hole rect (at 0 0 180) (size 1.8 1.8) (drill 1.016) (layers *.Cu *.Mask F.SilkS)
      (net 16 +3V3))
    (pad 2 thru_hole oval (at 0 2.54 180) (size 1.8 1.8) (drill 1.016) (layers *.Cu *.Mask F.SilkS)
      (net 5 /D8))
    (pad 3 thru_hole oval (at 0 5.08 180) (size 1.8 1.8) (drill 1.016) (layers *.Cu *.Mask F.SilkS)
      (net 26 HAN_TX))
    (pad 4 thru_hole oval (at 0 7.62 180) (size 1.8 1.8) (drill 1.016) (layers *.Cu *.Mask F.SilkS)
      (net 27 LED_R))
    (pad 5 thru_hole oval (at 0 10.16 180) (size 1.8 1.8) (drill 1.016) (layers *.Cu *.Mask F.SilkS)
      (net 28 LED_G))
    (pad 6 thru_hole oval (at 0 12.7 180) (size 1.8 1.8) (drill 1.016) (layers *.Cu *.Mask F.SilkS)
      (net 6 /D0))
    (pad 7 thru_hole oval (at 0 15.24 180) (size 1.8 1.8) (drill 1.016) (layers *.Cu *.Mask F.SilkS)
      (net 7 /A0))
    (pad 8 thru_hole oval (at 0 17.78 180) (size 1.8 1.8) (drill 1.016) (layers *.Cu *.Mask F.SilkS)
      (net 8 /RST))
    (model Pin_Headers.3dshapes/Pin_Header_Straight_1x08.wrl
      (offset (xyz 0 -8.889999866485596 0))
      (scale (xyz 1 1 1))
      (rotate (xyz 0 0 90))
    )
  )

  (module Resistor_SMD:R_0805_2012Metric_Pad1.15x1.40mm_HandSolder (layer F.Cu) (tedit 5B36C52B) (tstamp 62B8CA6D)
    (at 146.685 88.265 90)
    (descr "Resistor SMD 0805 (2012 Metric), square (rectangular) end terminal, IPC_7351 nominal with elongated pad for handsoldering. (Body size source: https://docs.google.com/spreadsheets/d/1BsfQQcO9C6DZCsRaXUlFlo91Tg2WpOkGARC1WS5S8t0/edit?usp=sharing), generated with kicad-footprint-generator")
    (tags "resistor handsolder")
    (path /62BA09E7)
    (attr smd)
    (fp_text reference C1 (at 0 -1.65 90) (layer F.SilkS)
      (effects (font (size 1 1) (thickness 0.15)))
    )
    (fp_text value 100n (at 0 1.65 90) (layer F.Fab)
      (effects (font (size 1 1) (thickness 0.15)))
    )
    (fp_text user %R (at 0 0 90) (layer F.Fab)
      (effects (font (size 0.5 0.5) (thickness 0.08)))
    )
    (fp_line (start 1.85 0.95) (end -1.85 0.95) (layer F.CrtYd) (width 0.05))
    (fp_line (start 1.85 -0.95) (end 1.85 0.95) (layer F.CrtYd) (width 0.05))
    (fp_line (start -1.85 -0.95) (end 1.85 -0.95) (layer F.CrtYd) (width 0.05))
    (fp_line (start -1.85 0.95) (end -1.85 -0.95) (layer F.CrtYd) (width 0.05))
    (fp_line (start -0.261252 0.71) (end 0.261252 0.71) (layer F.SilkS) (width 0.12))
    (fp_line (start -0.261252 -0.71) (end 0.261252 -0.71) (layer F.SilkS) (width 0.12))
    (fp_line (start 1 0.6) (end -1 0.6) (layer F.Fab) (width 0.1))
    (fp_line (start 1 -0.6) (end 1 0.6) (layer F.Fab) (width 0.1))
    (fp_line (start -1 -0.6) (end 1 -0.6) (layer F.Fab) (width 0.1))
    (fp_line (start -1 0.6) (end -1 -0.6) (layer F.Fab) (width 0.1))
    (pad 2 smd roundrect (at 1.025 0 90) (size 1.15 1.4) (layers F.Cu F.Paste F.Mask) (roundrect_rratio 0.217391)
      (net 9 "Net-(C1-Pad2)"))
    (pad 1 smd roundrect (at -1.025 0 90) (size 1.15 1.4) (layers F.Cu F.Paste F.Mask) (roundrect_rratio 0.217391)
      (net 10 GND))
    (model ${KISYS3DMOD}/Resistor_SMD.3dshapes/R_0805_2012Metric.wrl
      (at (xyz 0 0 0))
      (scale (xyz 1 1 1))
      (rotate (xyz 0 0 0))
    )
  )

  (module Resistor_SMD:R_0805_2012Metric_Pad1.15x1.40mm_HandSolder (layer F.Cu) (tedit 5B36C52B) (tstamp 62B8CA7E)
    (at 142.875 92.71 90)
    (descr "Resistor SMD 0805 (2012 Metric), square (rectangular) end terminal, IPC_7351 nominal with elongated pad for handsoldering. (Body size source: https://docs.google.com/spreadsheets/d/1BsfQQcO9C6DZCsRaXUlFlo91Tg2WpOkGARC1WS5S8t0/edit?usp=sharing), generated with kicad-footprint-generator")
    (tags "resistor handsolder")
    (path /62BA06BE)
    (attr smd)
    (fp_text reference C2 (at 0 -1.65 90) (layer F.SilkS)
      (effects (font (size 1 1) (thickness 0.15)))
    )
    (fp_text value 1u (at 0 1.65 90) (layer F.Fab)
      (effects (font (size 1 1) (thickness 0.15)))
    )
    (fp_line (start -1 0.6) (end -1 -0.6) (layer F.Fab) (width 0.1))
    (fp_line (start -1 -0.6) (end 1 -0.6) (layer F.Fab) (width 0.1))
    (fp_line (start 1 -0.6) (end 1 0.6) (layer F.Fab) (width 0.1))
    (fp_line (start 1 0.6) (end -1 0.6) (layer F.Fab) (width 0.1))
    (fp_line (start -0.261252 -0.71) (end 0.261252 -0.71) (layer F.SilkS) (width 0.12))
    (fp_line (start -0.261252 0.71) (end 0.261252 0.71) (layer F.SilkS) (width 0.12))
    (fp_line (start -1.85 0.95) (end -1.85 -0.95) (layer F.CrtYd) (width 0.05))
    (fp_line (start -1.85 -0.95) (end 1.85 -0.95) (layer F.CrtYd) (width 0.05))
    (fp_line (start 1.85 -0.95) (end 1.85 0.95) (layer F.CrtYd) (width 0.05))
    (fp_line (start 1.85 0.95) (end -1.85 0.95) (layer F.CrtYd) (width 0.05))
    (fp_text user %R (at 0 0 90) (layer F.Fab)
      (effects (font (size 0.5 0.5) (thickness 0.08)))
    )
    (pad 1 smd roundrect (at -1.025 0 90) (size 1.15 1.4) (layers F.Cu F.Paste F.Mask) (roundrect_rratio 0.217391)
      (net 10 GND))
    (pad 2 smd roundrect (at 1.025 0 90) (size 1.15 1.4) (layers F.Cu F.Paste F.Mask) (roundrect_rratio 0.217391)
      (net 11 "Net-(C2-Pad2)"))
    (model ${KISYS3DMOD}/Resistor_SMD.3dshapes/R_0805_2012Metric.wrl
      (at (xyz 0 0 0))
      (scale (xyz 1 1 1))
      (rotate (xyz 0 0 0))
    )
  )

  (module Resistor_SMD:R_0805_2012Metric_Pad1.15x1.40mm_HandSolder (layer F.Cu) (tedit 5B36C52B) (tstamp 62B8CA8F)
    (at 130.81 85.09 180)
    (descr "Resistor SMD 0805 (2012 Metric), square (rectangular) end terminal, IPC_7351 nominal with elongated pad for handsoldering. (Body size source: https://docs.google.com/spreadsheets/d/1BsfQQcO9C6DZCsRaXUlFlo91Tg2WpOkGARC1WS5S8t0/edit?usp=sharing), generated with kicad-footprint-generator")
    (tags "resistor handsolder")
    (path /62BED9ED)
    (attr smd)
    (fp_text reference C3 (at -0.245 1.905) (layer F.SilkS)
      (effects (font (size 1 1) (thickness 0.15)))
    )
    (fp_text value 100n (at 0 1.65) (layer F.Fab)
      (effects (font (size 1 1) (thickness 0.15)))
    )
    (fp_line (start -1 0.6) (end -1 -0.6) (layer F.Fab) (width 0.1))
    (fp_line (start -1 -0.6) (end 1 -0.6) (layer F.Fab) (width 0.1))
    (fp_line (start 1 -0.6) (end 1 0.6) (layer F.Fab) (width 0.1))
    (fp_line (start 1 0.6) (end -1 0.6) (layer F.Fab) (width 0.1))
    (fp_line (start -0.261252 -0.71) (end 0.261252 -0.71) (layer F.SilkS) (width 0.12))
    (fp_line (start -0.261252 0.71) (end 0.261252 0.71) (layer F.SilkS) (width 0.12))
    (fp_line (start -1.85 0.95) (end -1.85 -0.95) (layer F.CrtYd) (width 0.05))
    (fp_line (start -1.85 -0.95) (end 1.85 -0.95) (layer F.CrtYd) (width 0.05))
    (fp_line (start 1.85 -0.95) (end 1.85 0.95) (layer F.CrtYd) (width 0.05))
    (fp_line (start 1.85 0.95) (end -1.85 0.95) (layer F.CrtYd) (width 0.05))
    (fp_text user %R (at 0 0) (layer F.Fab)
      (effects (font (size 0.5 0.5) (thickness 0.08)))
    )
    (pad 1 smd roundrect (at -1.025 0 180) (size 1.15 1.4) (layers F.Cu F.Paste F.Mask) (roundrect_rratio 0.217391)
      (net 12 "Net-(C3-Pad1)"))
    (pad 2 smd roundrect (at 1.025 0 180) (size 1.15 1.4) (layers F.Cu F.Paste F.Mask) (roundrect_rratio 0.217391)
      (net 10 GND))
    (model ${KISYS3DMOD}/Resistor_SMD.3dshapes/R_0805_2012Metric.wrl
      (at (xyz 0 0 0))
      (scale (xyz 1 1 1))
      (rotate (xyz 0 0 0))
    )
  )

  (module LED_SMD:LED_RGB_PLCC-6 (layer F.Cu) (tedit 587A6CD4) (tstamp 62B8CAA5)
    (at 148.59 82.55)
    (descr "RGB LED PLCC-6")
    (tags "RGB LED PLCC-6")
    (path /62C43A7B)
    (attr smd)
    (fp_text reference D1 (at 0 -2.55 180) (layer F.SilkS)
      (effects (font (size 1 1) (thickness 0.15)))
    )
    (fp_text value LED_RGB (at 0 2.8) (layer F.Fab)
      (effects (font (size 1 1) (thickness 0.15)))
    )
    (fp_line (start -1.7 -1.1) (end -1.1 -1.7) (layer F.Fab) (width 0.1))
    (fp_line (start -1.7 -1.7) (end -1.7 1.7) (layer F.Fab) (width 0.1))
    (fp_line (start -1.7 1.7) (end 1.7 1.7) (layer F.Fab) (width 0.1))
    (fp_line (start 1.7 1.7) (end 1.7 -1.7) (layer F.Fab) (width 0.1))
    (fp_line (start 1.7 -1.7) (end -1.7 -1.7) (layer F.Fab) (width 0.1))
    (fp_line (start -2.55 -1.8) (end -2.55 -0.9) (layer F.SilkS) (width 0.12))
    (fp_line (start 2.65 -2) (end 2.65 2) (layer F.CrtYd) (width 0.05))
    (fp_line (start -2.75 -2) (end -2.75 2) (layer F.CrtYd) (width 0.05))
    (fp_line (start -2.75 2) (end 2.65 2) (layer F.CrtYd) (width 0.05))
    (fp_line (start -2.75 -2) (end 2.65 -2) (layer F.CrtYd) (width 0.05))
    (fp_line (start -2.55 1.8) (end 2.35 1.8) (layer F.SilkS) (width 0.12))
    (fp_line (start 2.35 -1.8) (end -2.55 -1.8) (layer F.SilkS) (width 0.12))
    (pad 1 smd rect (at -1.55 -1.1 90) (size 0.7 1.3) (layers F.Cu F.Paste F.Mask)
      (net 13 "Net-(D1-Pad1)"))
    (pad 2 smd rect (at -1.55 0 90) (size 0.7 1.3) (layers F.Cu F.Paste F.Mask)
      (net 14 "Net-(D1-Pad2)"))
    (pad 3 smd rect (at -1.55 1.1 90) (size 0.7 1.3) (layers F.Cu F.Paste F.Mask)
      (net 15 "Net-(D1-Pad3)"))
    (pad 4 smd rect (at 1.55 1.1 90) (size 0.7 1.3) (layers F.Cu F.Paste F.Mask)
      (net 16 +3V3))
    (pad 5 smd rect (at 1.55 0 90) (size 0.7 1.3) (layers F.Cu F.Paste F.Mask)
      (net 16 +3V3))
    (pad 6 smd rect (at 1.55 -1.1 90) (size 0.7 1.3) (layers F.Cu F.Paste F.Mask)
      (net 16 +3V3))
    (model ${KISYS3DMOD}/LED_SMD.3dshapes/LED_RGB_PLCC-6.wrl
      (at (xyz 0 0 0))
      (scale (xyz 1 1 1))
      (rotate (xyz 0 0 0))
    )
  )

  (module Connector_RJ:RJ45_Amphenol_54602-x08_Horizontal (layer F.Cu) (tedit 5B103613) (tstamp 62B8CAC4)
    (at 134.62 99.06)
    (descr "8 Pol Shallow Latch Connector, Modjack, RJ45 (https://cdn.amphenol-icc.com/media/wysiwyg/files/drawing/c-bmj-0102.pdf)")
    (tags RJ45)
    (path /62B8AC34)
    (fp_text reference J1 (at 4.445 6.35) (layer F.SilkS)
      (effects (font (size 1 1) (thickness 0.15)))
    )
    (fp_text value RJ45 (at 4.445 4) (layer F.Fab)
      (effects (font (size 1 1) (thickness 0.15)))
    )
    (fp_text user %R (at 4.445 2) (layer F.Fab)
      (effects (font (size 1 1) (thickness 0.15)))
    )
    (fp_line (start -4 0.5) (end -3.5 0) (layer F.SilkS) (width 0.12))
    (fp_line (start -4 -0.5) (end -4 0.5) (layer F.SilkS) (width 0.12))
    (fp_line (start -3.5 0) (end -4 -0.5) (layer F.SilkS) (width 0.12))
    (fp_line (start -3.205 13.97) (end -3.205 -2.77) (layer F.Fab) (width 0.12))
    (fp_line (start 12.095 13.97) (end -3.205 13.97) (layer F.Fab) (width 0.12))
    (fp_line (start 12.095 -3.77) (end 12.095 13.97) (layer F.Fab) (width 0.12))
    (fp_line (start -2.205 -3.77) (end 12.095 -3.77) (layer F.Fab) (width 0.12))
    (fp_line (start -3.205 -2.77) (end -2.205 -3.77) (layer F.Fab) (width 0.12))
    (fp_line (start -3.315 14.08) (end 12.205 14.08) (layer F.SilkS) (width 0.12))
    (fp_line (start 12.205 -3.88) (end 12.205 14.08) (layer F.SilkS) (width 0.12))
    (fp_line (start 12.205 -3.88) (end -3.315 -3.88) (layer F.SilkS) (width 0.12))
    (fp_line (start -3.315 -3.88) (end -3.315 14.08) (layer F.SilkS) (width 0.12))
    (fp_line (start -3.71 -4.27) (end 12.6 -4.27) (layer F.CrtYd) (width 0.05))
    (fp_line (start -3.71 -4.27) (end -3.71 14.47) (layer F.CrtYd) (width 0.05))
    (fp_line (start 12.6 14.47) (end 12.6 -4.27) (layer F.CrtYd) (width 0.05))
    (fp_line (start 12.6 14.47) (end -3.71 14.47) (layer F.CrtYd) (width 0.05))
    (pad "" np_thru_hole circle (at 10.16 6.35) (size 3.2 3.2) (drill 3.2) (layers *.Cu *.Mask))
    (pad "" np_thru_hole circle (at -1.27 6.35) (size 3.2 3.2) (drill 3.2) (layers *.Cu *.Mask))
    (pad 1 thru_hole rect (at 0 0) (size 1.5 1.5) (drill 0.76) (layers *.Cu *.Mask)
      (net 17 MBUS1))
    (pad 2 thru_hole circle (at 1.27 -2.54) (size 1.5 1.5) (drill 0.76) (layers *.Cu *.Mask)
      (net 18 MBUS2))
    (pad 3 thru_hole circle (at 2.54 0) (size 1.5 1.5) (drill 0.76) (layers *.Cu *.Mask)
      (net 19 "Net-(J1-Pad3)"))
    (pad 4 thru_hole circle (at 3.81 -2.54) (size 1.5 1.5) (drill 0.76) (layers *.Cu *.Mask)
      (net 20 "Net-(J1-Pad4)"))
    (pad 5 thru_hole circle (at 5.08 0) (size 1.5 1.5) (drill 0.76) (layers *.Cu *.Mask)
      (net 21 "Net-(J1-Pad5)"))
    (pad 6 thru_hole circle (at 6.35 -2.54) (size 1.5 1.5) (drill 0.76) (layers *.Cu *.Mask)
      (net 22 "Net-(J1-Pad6)"))
    (pad 7 thru_hole circle (at 7.62 0) (size 1.5 1.5) (drill 0.76) (layers *.Cu *.Mask)
      (net 40 "Net-(J1-Pad7)"))
    (pad 8 thru_hole circle (at 8.89 -2.54) (size 1.5 1.5) (drill 0.76) (layers *.Cu *.Mask)
      (net 23 "Net-(J1-Pad8)"))
    (model ${KISYS3DMOD}/Connector_RJ.3dshapes/RJ45_Amphenol_54602-x08_Horizontal.wrl
      (at (xyz 0 0 0))
      (scale (xyz 1 1 1))
      (rotate (xyz 0 0 0))
    )
  )

  (module Jumper:SolderJumper-2_P1.3mm_Open_RoundedPad1.0x1.5mm (layer B.Cu) (tedit 5B391E66) (tstamp 62B8CAD6)
    (at 144.78 101.6 270)
    (descr "SMD Solder Jumper, 1x1.5mm, rounded Pads, 0.3mm gap, open")
    (tags "solder jumper open")
    (path /62C331C0)
    (attr virtual)
    (fp_text reference JP1 (at 0 1.8 90) (layer B.SilkS)
      (effects (font (size 1 1) (thickness 0.15)) (justify mirror))
    )
    (fp_text value Jumper (at 0 -1.9 90) (layer B.Fab)
      (effects (font (size 1 1) (thickness 0.15)) (justify mirror))
    )
    (fp_arc (start 0.7 0.3) (end 1.4 0.3) (angle 90) (layer B.SilkS) (width 0.12))
    (fp_arc (start 0.7 -0.3) (end 0.7 -1) (angle 90) (layer B.SilkS) (width 0.12))
    (fp_arc (start -0.7 -0.3) (end -1.4 -0.3) (angle 90) (layer B.SilkS) (width 0.12))
    (fp_arc (start -0.7 0.3) (end -0.7 1) (angle 90) (layer B.SilkS) (width 0.12))
    (fp_line (start -1.4 -0.3) (end -1.4 0.3) (layer B.SilkS) (width 0.12))
    (fp_line (start 0.7 -1) (end -0.7 -1) (layer B.SilkS) (width 0.12))
    (fp_line (start 1.4 0.3) (end 1.4 -0.3) (layer B.SilkS) (width 0.12))
    (fp_line (start -0.7 1) (end 0.7 1) (layer B.SilkS) (width 0.12))
    (fp_line (start -1.65 1.25) (end 1.65 1.25) (layer B.CrtYd) (width 0.05))
    (fp_line (start -1.65 1.25) (end -1.65 -1.25) (layer B.CrtYd) (width 0.05))
    (fp_line (start 1.65 -1.25) (end 1.65 1.25) (layer B.CrtYd) (width 0.05))
    (fp_line (start 1.65 -1.25) (end -1.65 -1.25) (layer B.CrtYd) (width 0.05))
    (pad 1 smd custom (at -0.65 0 270) (size 1 0.5) (layers B.Cu B.Mask)
      (net 23 "Net-(J1-Pad8)") (zone_connect 2)
      (options (clearance outline) (anchor rect))
      (primitives
        (gr_circle (center 0 -0.25) (end 0.5 -0.25) (width 0))
        (gr_circle (center 0 0.25) (end 0.5 0.25) (width 0))
        (gr_poly (pts
           (xy 0 0.75) (xy 0.5 0.75) (xy 0.5 -0.75) (xy 0 -0.75)) (width 0))
      ))
    (pad 2 smd custom (at 0.65 0 270) (size 1 0.5) (layers B.Cu B.Mask)
      (net 39 +5V) (zone_connect 2)
      (options (clearance outline) (anchor rect))
      (primitives
        (gr_circle (center 0 -0.25) (end 0.5 -0.25) (width 0))
        (gr_circle (center 0 0.25) (end 0.5 0.25) (width 0))
        (gr_poly (pts
           (xy 0 0.75) (xy -0.5 0.75) (xy -0.5 -0.75) (xy 0 -0.75)) (width 0))
      ))
  )

  (module Jumper:SolderJumper-2_P1.3mm_Open_RoundedPad1.0x1.5mm (layer B.Cu) (tedit 5B391E66) (tstamp 62B8CAE8)
    (at 137.16 101.6 270)
    (descr "SMD Solder Jumper, 1x1.5mm, rounded Pads, 0.3mm gap, open")
    (tags "solder jumper open")
    (path /62C365CA)
    (attr virtual)
    (fp_text reference JP2 (at 0 1.8 90) (layer B.SilkS)
      (effects (font (size 1 1) (thickness 0.15)) (justify mirror))
    )
    (fp_text value Jumper (at 0 -1.9 90) (layer B.Fab)
      (effects (font (size 1 1) (thickness 0.15)) (justify mirror))
    )
    (fp_line (start 1.65 -1.25) (end -1.65 -1.25) (layer B.CrtYd) (width 0.05))
    (fp_line (start 1.65 -1.25) (end 1.65 1.25) (layer B.CrtYd) (width 0.05))
    (fp_line (start -1.65 1.25) (end -1.65 -1.25) (layer B.CrtYd) (width 0.05))
    (fp_line (start -1.65 1.25) (end 1.65 1.25) (layer B.CrtYd) (width 0.05))
    (fp_line (start -0.7 1) (end 0.7 1) (layer B.SilkS) (width 0.12))
    (fp_line (start 1.4 0.3) (end 1.4 -0.3) (layer B.SilkS) (width 0.12))
    (fp_line (start 0.7 -1) (end -0.7 -1) (layer B.SilkS) (width 0.12))
    (fp_line (start -1.4 -0.3) (end -1.4 0.3) (layer B.SilkS) (width 0.12))
    (fp_arc (start -0.7 0.3) (end -0.7 1) (angle 90) (layer B.SilkS) (width 0.12))
    (fp_arc (start -0.7 -0.3) (end -1.4 -0.3) (angle 90) (layer B.SilkS) (width 0.12))
    (fp_arc (start 0.7 -0.3) (end 0.7 -1) (angle 90) (layer B.SilkS) (width 0.12))
    (fp_arc (start 0.7 0.3) (end 1.4 0.3) (angle 90) (layer B.SilkS) (width 0.12))
    (pad 2 smd custom (at 0.65 0 270) (size 1 0.5) (layers B.Cu B.Mask)
      (net 10 GND) (zone_connect 2)
      (options (clearance outline) (anchor rect))
      (primitives
        (gr_circle (center 0 -0.25) (end 0.5 -0.25) (width 0))
        (gr_circle (center 0 0.25) (end 0.5 0.25) (width 0))
        (gr_poly (pts
           (xy 0 0.75) (xy -0.5 0.75) (xy -0.5 -0.75) (xy 0 -0.75)) (width 0))
      ))
    (pad 1 smd custom (at -0.65 0 270) (size 1 0.5) (layers B.Cu B.Mask)
      (net 21 "Net-(J1-Pad5)") (zone_connect 2)
      (options (clearance outline) (anchor rect))
      (primitives
        (gr_circle (center 0 -0.25) (end 0.5 -0.25) (width 0))
        (gr_circle (center 0 0.25) (end 0.5 0.25) (width 0))
        (gr_poly (pts
           (xy 0 0.75) (xy 0.5 0.75) (xy 0.5 -0.75) (xy 0 -0.75)) (width 0))
      ))
  )

  (module Jumper:SolderJumper-2_P1.3mm_Open_RoundedPad1.0x1.5mm (layer B.Cu) (tedit 5B391E66) (tstamp 62B8CAFA)
    (at 133.35 101.6 270)
    (descr "SMD Solder Jumper, 1x1.5mm, rounded Pads, 0.3mm gap, open")
    (tags "solder jumper open")
    (path /62C36C70)
    (attr virtual)
    (fp_text reference JP3 (at 0 1.8 90) (layer B.SilkS)
      (effects (font (size 1 1) (thickness 0.15)) (justify mirror))
    )
    (fp_text value Jumper (at 0 -1.9 90) (layer B.Fab)
      (effects (font (size 1 1) (thickness 0.15)) (justify mirror))
    )
    (fp_arc (start 0.7 0.3) (end 1.4 0.3) (angle 90) (layer B.SilkS) (width 0.12))
    (fp_arc (start 0.7 -0.3) (end 0.7 -1) (angle 90) (layer B.SilkS) (width 0.12))
    (fp_arc (start -0.7 -0.3) (end -1.4 -0.3) (angle 90) (layer B.SilkS) (width 0.12))
    (fp_arc (start -0.7 0.3) (end -0.7 1) (angle 90) (layer B.SilkS) (width 0.12))
    (fp_line (start -1.4 -0.3) (end -1.4 0.3) (layer B.SilkS) (width 0.12))
    (fp_line (start 0.7 -1) (end -0.7 -1) (layer B.SilkS) (width 0.12))
    (fp_line (start 1.4 0.3) (end 1.4 -0.3) (layer B.SilkS) (width 0.12))
    (fp_line (start -0.7 1) (end 0.7 1) (layer B.SilkS) (width 0.12))
    (fp_line (start -1.65 1.25) (end 1.65 1.25) (layer B.CrtYd) (width 0.05))
    (fp_line (start -1.65 1.25) (end -1.65 -1.25) (layer B.CrtYd) (width 0.05))
    (fp_line (start 1.65 -1.25) (end 1.65 1.25) (layer B.CrtYd) (width 0.05))
    (fp_line (start 1.65 -1.25) (end -1.65 -1.25) (layer B.CrtYd) (width 0.05))
    (pad 1 smd custom (at -0.65 0 270) (size 1 0.5) (layers B.Cu B.Mask)
      (net 20 "Net-(J1-Pad4)") (zone_connect 2)
      (options (clearance outline) (anchor rect))
      (primitives
        (gr_circle (center 0 -0.25) (end 0.5 -0.25) (width 0))
        (gr_circle (center 0 0.25) (end 0.5 0.25) (width 0))
        (gr_poly (pts
           (xy 0 0.75) (xy 0.5 0.75) (xy 0.5 -0.75) (xy 0 -0.75)) (width 0))
      ))
    (pad 2 smd custom (at 0.65 0 270) (size 1 0.5) (layers B.Cu B.Mask)
      (net 24 TEMP) (zone_connect 2)
      (options (clearance outline) (anchor rect))
      (primitives
        (gr_circle (center 0 -0.25) (end 0.5 -0.25) (width 0))
        (gr_circle (center 0 0.25) (end 0.5 0.25) (width 0))
        (gr_poly (pts
           (xy 0 0.75) (xy -0.5 0.75) (xy -0.5 -0.75) (xy 0 -0.75)) (width 0))
      ))
  )

  (module Resistor_SMD:R_0805_2012Metric_Pad1.15x1.40mm_HandSolder (layer F.Cu) (tedit 5B36C52B) (tstamp 62B8CB0B)
    (at 130.81 88.9)
    (descr "Resistor SMD 0805 (2012 Metric), square (rectangular) end terminal, IPC_7351 nominal with elongated pad for handsoldering. (Body size source: https://docs.google.com/spreadsheets/d/1BsfQQcO9C6DZCsRaXUlFlo91Tg2WpOkGARC1WS5S8t0/edit?usp=sharing), generated with kicad-footprint-generator")
    (tags "resistor handsolder")
    (path /62B9FC37)
    (attr smd)
    (fp_text reference R1 (at 0 -1.65) (layer F.SilkS)
      (effects (font (size 1 1) (thickness 0.15)))
    )
    (fp_text value 470 (at 0 1.65) (layer F.Fab)
      (effects (font (size 1 1) (thickness 0.15)))
    )
    (fp_text user %R (at 0 0) (layer F.Fab)
      (effects (font (size 0.5 0.5) (thickness 0.08)))
    )
    (fp_line (start 1.85 0.95) (end -1.85 0.95) (layer F.CrtYd) (width 0.05))
    (fp_line (start 1.85 -0.95) (end 1.85 0.95) (layer F.CrtYd) (width 0.05))
    (fp_line (start -1.85 -0.95) (end 1.85 -0.95) (layer F.CrtYd) (width 0.05))
    (fp_line (start -1.85 0.95) (end -1.85 -0.95) (layer F.CrtYd) (width 0.05))
    (fp_line (start -0.261252 0.71) (end 0.261252 0.71) (layer F.SilkS) (width 0.12))
    (fp_line (start -0.261252 -0.71) (end 0.261252 -0.71) (layer F.SilkS) (width 0.12))
    (fp_line (start 1 0.6) (end -1 0.6) (layer F.Fab) (width 0.1))
    (fp_line (start 1 -0.6) (end 1 0.6) (layer F.Fab) (width 0.1))
    (fp_line (start -1 -0.6) (end 1 -0.6) (layer F.Fab) (width 0.1))
    (fp_line (start -1 0.6) (end -1 -0.6) (layer F.Fab) (width 0.1))
    (pad 2 smd roundrect (at 1.025 0) (size 1.15 1.4) (layers F.Cu F.Paste F.Mask) (roundrect_rratio 0.217391)
      (net 29 "Net-(R1-Pad2)"))
    (pad 1 smd roundrect (at -1.025 0) (size 1.15 1.4) (layers F.Cu F.Paste F.Mask) (roundrect_rratio 0.217391)
      (net 10 GND))
    (model ${KISYS3DMOD}/Resistor_SMD.3dshapes/R_0805_2012Metric.wrl
      (at (xyz 0 0 0))
      (scale (xyz 1 1 1))
      (rotate (xyz 0 0 0))
    )
  )

  (module Resistor_SMD:R_0805_2012Metric_Pad1.15x1.40mm_HandSolder (layer F.Cu) (tedit 5B36C52B) (tstamp 62B8CB1C)
    (at 135.255 92.71 90)
    (descr "Resistor SMD 0805 (2012 Metric), square (rectangular) end terminal, IPC_7351 nominal with elongated pad for handsoldering. (Body size source: https://docs.google.com/spreadsheets/d/1BsfQQcO9C6DZCsRaXUlFlo91Tg2WpOkGARC1WS5S8t0/edit?usp=sharing), generated with kicad-footprint-generator")
    (tags "resistor handsolder")
    (path /62B8DB92)
    (attr smd)
    (fp_text reference R2 (at 0 -1.65 90) (layer F.SilkS)
      (effects (font (size 1 1) (thickness 0.15)))
    )
    (fp_text value 220 (at 0 1.65 90) (layer F.Fab)
      (effects (font (size 1 1) (thickness 0.15)))
    )
    (fp_text user %R (at 0 0 90) (layer F.Fab)
      (effects (font (size 0.5 0.5) (thickness 0.08)))
    )
    (fp_line (start 1.85 0.95) (end -1.85 0.95) (layer F.CrtYd) (width 0.05))
    (fp_line (start 1.85 -0.95) (end 1.85 0.95) (layer F.CrtYd) (width 0.05))
    (fp_line (start -1.85 -0.95) (end 1.85 -0.95) (layer F.CrtYd) (width 0.05))
    (fp_line (start -1.85 0.95) (end -1.85 -0.95) (layer F.CrtYd) (width 0.05))
    (fp_line (start -0.261252 0.71) (end 0.261252 0.71) (layer F.SilkS) (width 0.12))
    (fp_line (start -0.261252 -0.71) (end 0.261252 -0.71) (layer F.SilkS) (width 0.12))
    (fp_line (start 1 0.6) (end -1 0.6) (layer F.Fab) (width 0.1))
    (fp_line (start 1 -0.6) (end 1 0.6) (layer F.Fab) (width 0.1))
    (fp_line (start -1 -0.6) (end 1 -0.6) (layer F.Fab) (width 0.1))
    (fp_line (start -1 0.6) (end -1 -0.6) (layer F.Fab) (width 0.1))
    (pad 2 smd roundrect (at 1.025 0 90) (size 1.15 1.4) (layers F.Cu F.Paste F.Mask) (roundrect_rratio 0.217391)
      (net 30 "Net-(R2-Pad2)"))
    (pad 1 smd roundrect (at -1.025 0 90) (size 1.15 1.4) (layers F.Cu F.Paste F.Mask) (roundrect_rratio 0.217391)
      (net 17 MBUS1))
    (model ${KISYS3DMOD}/Resistor_SMD.3dshapes/R_0805_2012Metric.wrl
      (at (xyz 0 0 0))
      (scale (xyz 1 1 1))
      (rotate (xyz 0 0 0))
    )
  )

  (module Resistor_SMD:R_0805_2012Metric_Pad1.15x1.40mm_HandSolder (layer F.Cu) (tedit 5B36C52B) (tstamp 62B8CB2D)
    (at 142.875 88.265 90)
    (descr "Resistor SMD 0805 (2012 Metric), square (rectangular) end terminal, IPC_7351 nominal with elongated pad for handsoldering. (Body size source: https://docs.google.com/spreadsheets/d/1BsfQQcO9C6DZCsRaXUlFlo91Tg2WpOkGARC1WS5S8t0/edit?usp=sharing), generated with kicad-footprint-generator")
    (tags "resistor handsolder")
    (path /62B9F861)
    (attr smd)
    (fp_text reference R3 (at 0 -1.65 90) (layer F.SilkS)
      (effects (font (size 1 1) (thickness 0.15)))
    )
    (fp_text value 82k (at 0 1.65 90) (layer F.Fab)
      (effects (font (size 1 1) (thickness 0.15)))
    )
    (fp_line (start -1 0.6) (end -1 -0.6) (layer F.Fab) (width 0.1))
    (fp_line (start -1 -0.6) (end 1 -0.6) (layer F.Fab) (width 0.1))
    (fp_line (start 1 -0.6) (end 1 0.6) (layer F.Fab) (width 0.1))
    (fp_line (start 1 0.6) (end -1 0.6) (layer F.Fab) (width 0.1))
    (fp_line (start -0.261252 -0.71) (end 0.261252 -0.71) (layer F.SilkS) (width 0.12))
    (fp_line (start -0.261252 0.71) (end 0.261252 0.71) (layer F.SilkS) (width 0.12))
    (fp_line (start -1.85 0.95) (end -1.85 -0.95) (layer F.CrtYd) (width 0.05))
    (fp_line (start -1.85 -0.95) (end 1.85 -0.95) (layer F.CrtYd) (width 0.05))
    (fp_line (start 1.85 -0.95) (end 1.85 0.95) (layer F.CrtYd) (width 0.05))
    (fp_line (start 1.85 0.95) (end -1.85 0.95) (layer F.CrtYd) (width 0.05))
    (fp_text user %R (at 0 0 90) (layer F.Fab)
      (effects (font (size 0.5 0.5) (thickness 0.08)))
    )
    (pad 1 smd roundrect (at -1.025 0 90) (size 1.15 1.4) (layers F.Cu F.Paste F.Mask) (roundrect_rratio 0.217391)
      (net 10 GND))
    (pad 2 smd roundrect (at 1.025 0 90) (size 1.15 1.4) (layers F.Cu F.Paste F.Mask) (roundrect_rratio 0.217391)
      (net 31 "Net-(R3-Pad2)"))
    (model ${KISYS3DMOD}/Resistor_SMD.3dshapes/R_0805_2012Metric.wrl
      (at (xyz 0 0 0))
      (scale (xyz 1 1 1))
      (rotate (xyz 0 0 0))
    )
  )

  (module Resistor_SMD:R_0805_2012Metric_Pad1.15x1.40mm_HandSolder (layer F.Cu) (tedit 5B36C52B) (tstamp 62B8CB3E)
    (at 139.065 92.71 90)
    (descr "Resistor SMD 0805 (2012 Metric), square (rectangular) end terminal, IPC_7351 nominal with elongated pad for handsoldering. (Body size source: https://docs.google.com/spreadsheets/d/1BsfQQcO9C6DZCsRaXUlFlo91Tg2WpOkGARC1WS5S8t0/edit?usp=sharing), generated with kicad-footprint-generator")
    (tags "resistor handsolder")
    (path /62B8CAA8)
    (attr smd)
    (fp_text reference R4 (at 0 -1.65 90) (layer F.SilkS)
      (effects (font (size 1 1) (thickness 0.15)))
    )
    (fp_text value 220 (at 0 1.65 90) (layer F.Fab)
      (effects (font (size 1 1) (thickness 0.15)))
    )
    (fp_line (start -1 0.6) (end -1 -0.6) (layer F.Fab) (width 0.1))
    (fp_line (start -1 -0.6) (end 1 -0.6) (layer F.Fab) (width 0.1))
    (fp_line (start 1 -0.6) (end 1 0.6) (layer F.Fab) (width 0.1))
    (fp_line (start 1 0.6) (end -1 0.6) (layer F.Fab) (width 0.1))
    (fp_line (start -0.261252 -0.71) (end 0.261252 -0.71) (layer F.SilkS) (width 0.12))
    (fp_line (start -0.261252 0.71) (end 0.261252 0.71) (layer F.SilkS) (width 0.12))
    (fp_line (start -1.85 0.95) (end -1.85 -0.95) (layer F.CrtYd) (width 0.05))
    (fp_line (start -1.85 -0.95) (end 1.85 -0.95) (layer F.CrtYd) (width 0.05))
    (fp_line (start 1.85 -0.95) (end 1.85 0.95) (layer F.CrtYd) (width 0.05))
    (fp_line (start 1.85 0.95) (end -1.85 0.95) (layer F.CrtYd) (width 0.05))
    (fp_text user %R (at 0 0 90) (layer F.Fab)
      (effects (font (size 0.5 0.5) (thickness 0.08)))
    )
    (pad 1 smd roundrect (at -1.025 0 90) (size 1.15 1.4) (layers F.Cu F.Paste F.Mask) (roundrect_rratio 0.217391)
      (net 18 MBUS2))
    (pad 2 smd roundrect (at 1.025 0 90) (size 1.15 1.4) (layers F.Cu F.Paste F.Mask) (roundrect_rratio 0.217391)
      (net 32 "Net-(R4-Pad2)"))
    (model ${KISYS3DMOD}/Resistor_SMD.3dshapes/R_0805_2012Metric.wrl
      (at (xyz 0 0 0))
      (scale (xyz 1 1 1))
      (rotate (xyz 0 0 0))
    )
  )

  (module Resistor_SMD:R_0805_2012Metric_Pad1.15x1.40mm_HandSolder (layer F.Cu) (tedit 5B36C52B) (tstamp 62B8CB4F)
    (at 130.81 81.28 180)
    (descr "Resistor SMD 0805 (2012 Metric), square (rectangular) end terminal, IPC_7351 nominal with elongated pad for handsoldering. (Body size source: https://docs.google.com/spreadsheets/d/1BsfQQcO9C6DZCsRaXUlFlo91Tg2WpOkGARC1WS5S8t0/edit?usp=sharing), generated with kicad-footprint-generator")
    (tags "resistor handsolder")
    (path /62BED413)
    (attr smd)
    (fp_text reference R5 (at 0 1.905) (layer F.SilkS)
      (effects (font (size 1 1) (thickness 0.15)))
    )
    (fp_text value 100k (at 0 1.65) (layer F.Fab)
      (effects (font (size 1 1) (thickness 0.15)))
    )
    (fp_line (start -1 0.6) (end -1 -0.6) (layer F.Fab) (width 0.1))
    (fp_line (start -1 -0.6) (end 1 -0.6) (layer F.Fab) (width 0.1))
    (fp_line (start 1 -0.6) (end 1 0.6) (layer F.Fab) (width 0.1))
    (fp_line (start 1 0.6) (end -1 0.6) (layer F.Fab) (width 0.1))
    (fp_line (start -0.261252 -0.71) (end 0.261252 -0.71) (layer F.SilkS) (width 0.12))
    (fp_line (start -0.261252 0.71) (end 0.261252 0.71) (layer F.SilkS) (width 0.12))
    (fp_line (start -1.85 0.95) (end -1.85 -0.95) (layer F.CrtYd) (width 0.05))
    (fp_line (start -1.85 -0.95) (end 1.85 -0.95) (layer F.CrtYd) (width 0.05))
    (fp_line (start 1.85 -0.95) (end 1.85 0.95) (layer F.CrtYd) (width 0.05))
    (fp_line (start 1.85 0.95) (end -1.85 0.95) (layer F.CrtYd) (width 0.05))
    (fp_text user %R (at 0 0) (layer F.Fab)
      (effects (font (size 0.5 0.5) (thickness 0.08)))
    )
    (pad 1 smd roundrect (at -1.025 0 180) (size 1.15 1.4) (layers F.Cu F.Paste F.Mask) (roundrect_rratio 0.217391)
      (net 12 "Net-(C3-Pad1)"))
    (pad 2 smd roundrect (at 1.025 0 180) (size 1.15 1.4) (layers F.Cu F.Paste F.Mask) (roundrect_rratio 0.217391)
      (net 10 GND))
    (model ${KISYS3DMOD}/Resistor_SMD.3dshapes/R_0805_2012Metric.wrl
      (at (xyz 0 0 0))
      (scale (xyz 1 1 1))
      (rotate (xyz 0 0 0))
    )
  )

  (module Resistor_SMD:R_0805_2012Metric_Pad1.15x1.40mm_HandSolder (layer F.Cu) (tedit 5B36C52B) (tstamp 62B8CB60)
    (at 146.685 92.71 90)
    (descr "Resistor SMD 0805 (2012 Metric), square (rectangular) end terminal, IPC_7351 nominal with elongated pad for handsoldering. (Body size source: https://docs.google.com/spreadsheets/d/1BsfQQcO9C6DZCsRaXUlFlo91Tg2WpOkGARC1WS5S8t0/edit?usp=sharing), generated with kicad-footprint-generator")
    (tags "resistor handsolder")
    (path /62C73CE8)
    (attr smd)
    (fp_text reference R6 (at 0 -1.65 90) (layer F.SilkS)
      (effects (font (size 1 1) (thickness 0.15)))
    )
    (fp_text value 10k (at 0 1.65 90) (layer F.Fab)
      (effects (font (size 1 1) (thickness 0.15)))
    )
    (fp_text user %R (at 0 0 90) (layer F.Fab)
      (effects (font (size 0.5 0.5) (thickness 0.08)))
    )
    (fp_line (start 1.85 0.95) (end -1.85 0.95) (layer F.CrtYd) (width 0.05))
    (fp_line (start 1.85 -0.95) (end 1.85 0.95) (layer F.CrtYd) (width 0.05))
    (fp_line (start -1.85 -0.95) (end 1.85 -0.95) (layer F.CrtYd) (width 0.05))
    (fp_line (start -1.85 0.95) (end -1.85 -0.95) (layer F.CrtYd) (width 0.05))
    (fp_line (start -0.261252 0.71) (end 0.261252 0.71) (layer F.SilkS) (width 0.12))
    (fp_line (start -0.261252 -0.71) (end 0.261252 -0.71) (layer F.SilkS) (width 0.12))
    (fp_line (start 1 0.6) (end -1 0.6) (layer F.Fab) (width 0.1))
    (fp_line (start 1 -0.6) (end 1 0.6) (layer F.Fab) (width 0.1))
    (fp_line (start -1 -0.6) (end 1 -0.6) (layer F.Fab) (width 0.1))
    (fp_line (start -1 0.6) (end -1 -0.6) (layer F.Fab) (width 0.1))
    (pad 2 smd roundrect (at 1.025 0 90) (size 1.15 1.4) (layers F.Cu F.Paste F.Mask) (roundrect_rratio 0.217391)
      (net 16 +3V3))
    (pad 1 smd roundrect (at -1.025 0 90) (size 1.15 1.4) (layers F.Cu F.Paste F.Mask) (roundrect_rratio 0.217391)
      (net 25 BTN_AP))
    (model ${KISYS3DMOD}/Resistor_SMD.3dshapes/R_0805_2012Metric.wrl
      (at (xyz 0 0 0))
      (scale (xyz 1 1 1))
      (rotate (xyz 0 0 0))
    )
  )

  (module Resistor_SMD:R_0805_2012Metric_Pad1.15x1.40mm_HandSolder (layer F.Cu) (tedit 5B36C52B) (tstamp 62B8CB71)
    (at 131.445 92.71 90)
    (descr "Resistor SMD 0805 (2012 Metric), square (rectangular) end terminal, IPC_7351 nominal with elongated pad for handsoldering. (Body size source: https://docs.google.com/spreadsheets/d/1BsfQQcO9C6DZCsRaXUlFlo91Tg2WpOkGARC1WS5S8t0/edit?usp=sharing), generated with kicad-footprint-generator")
    (tags "resistor handsolder")
    (path /62C6405D)
    (attr smd)
    (fp_text reference R7 (at 0 -1.65 90) (layer F.SilkS)
      (effects (font (size 1 1) (thickness 0.15)))
    )
    (fp_text value 4k7 (at 0 1.65 90) (layer F.Fab)
      (effects (font (size 1 1) (thickness 0.15)))
    )
    (fp_line (start -1 0.6) (end -1 -0.6) (layer F.Fab) (width 0.1))
    (fp_line (start -1 -0.6) (end 1 -0.6) (layer F.Fab) (width 0.1))
    (fp_line (start 1 -0.6) (end 1 0.6) (layer F.Fab) (width 0.1))
    (fp_line (start 1 0.6) (end -1 0.6) (layer F.Fab) (width 0.1))
    (fp_line (start -0.261252 -0.71) (end 0.261252 -0.71) (layer F.SilkS) (width 0.12))
    (fp_line (start -0.261252 0.71) (end 0.261252 0.71) (layer F.SilkS) (width 0.12))
    (fp_line (start -1.85 0.95) (end -1.85 -0.95) (layer F.CrtYd) (width 0.05))
    (fp_line (start -1.85 -0.95) (end 1.85 -0.95) (layer F.CrtYd) (width 0.05))
    (fp_line (start 1.85 -0.95) (end 1.85 0.95) (layer F.CrtYd) (width 0.05))
